bus_line_id,route_short_name,description_bus,type_id,agency_id,stop_id,,,,,,,,,,,,,,,,,,,,,,,,,,,,,,,,,,,,,,,,,,,,,,,,,,,,,,,,,,,,,,,,,,,,,,,,,,,,,
0001,75 (4-13) ,พุทธบูชา - หัวลำโพง,AIR,TSB,00340,05302,05300,03988,00339,00338,00341,03985,06607,00342,01084,06608,01083,00771,00772,00773,06334,00774,00050,00775,00785,00776,00777,00780,06335,02380,02381,02382,02383,02384,02385,03302,03303,03304,03305,03306,04563,01187,03233,03234,03235,01160,03236,01191,03963,03239,01192,03241,03242,03243,03244,03245,01538,03246,04584,06609,04374,,,,,,,,,,,,,,,,,,,,,,,,,,,,,,,,,,,,,,,,,,,,,,,,,,,,,,,,,,,,,,,,,,,,,,,,,,,,,,,,,,,,,,,,,,,,
0002,75 (4-13) ,หัวลำโพง - พุทธบูชา,AIR,TSB,04374,06451,01036,03212,03965,03213,03214,03215,03216,03217,03919,03218,03219,03220,03221,03222,00035,03224,03238,03225,03227,03228,03229,03230,03231,01218,01219,03307,03499,03295,03296,03297,03299,02374,02375,02376,02377,02378,02379,06307,06381,00782,00784,06308,00786,03984,00788,00789,04971,06309,01085,06602,06603,06604,00343,06605,06606,05300,03988,00339,00338,05301,05303,00340,,,,,,,,,,,,,,,,,,,,,,,,,,,,,,,,,,,,,,,,,,,,,,,,,,,,,,,,,,,,,,,,,,,,,,,,,,,,,,,,,,,,,
0003,21 (4-6),วัดคู่สร้าง - มหานาค,Standard,BMTA,05016,00746,06319,06320,00748,00810,06322,00749,00810,04160,00751,00752,06323,00754,00755,00802,04979,00801,00759,06325,00760,00761,00797,00763,00794,06333,00767,00768,00770,00771,00772,00773,06334,00774,00050,00775,00785,00776,00777,00780,06335,02380,02381,02382,02383,02384,02385,03302,03303,03304,03305,03306,04563,03481,03482,03118,06287,03483,03120,06288,01178,04432,01673,01674,00002,05708,01670,01200,01201,01202,03979,03980,03982,03983,,,,,,,,,,,,,,,,,,,,,,,,,,,,,,,,,,,,,,,,,,,,,,,,,,,,,,,,,,,,,,,,,,,,,,,,,,,
0004,21 (4-6),มหานาค - วัดคู่สร้าง,Standard,BMTA,03983,06453,01765,01766,06461,01290,06455,06456,03987,01671,01672,01174,01175,06280,03996,03495,03123,03497,03498,03307,03499,03295,03296,03297,03299,02374,02375,02376,02377,02378,02379,06307,06381,00782,00784,06308,00786,03984,00788,00789,04971,06309,00791,00792,00793,00766,06310,00765,00795,00762,00798,00799,00800,00758,00757,06352,00803,00804,06313,00805,04977,00807,06314,06315,06316,06354,00811,06355,00745,06188,05016,,,,,,,,,,,,,,,,,,,,,,,,,,,,,,,,,,,,,,,,,,,,,,,,,,,,,,,,,,,,,,,,,,,,,,,,,,,,,,
0005,21 (4-6),วัดคู่สร้าง - มหานาค,NGV 489,BMTA,05016,00746,06319,06320,00748,00810,06322,00749,00810,04160,00751,00752,06323,00754,00755,00802,04979,00801,00759,06325,00760,00761,00797,00763,00794,06333,00767,00768,00770,00771,00772,00773,06334,00774,00050,00775,00785,00776,00777,00780,06335,02380,02381,02382,02383,02384,02385,03302,03303,03304,03305,03306,04563,03481,03482,03118,06287,03483,03120,06288,01178,04432,01673,01674,00002,05708,01670,01200,01201,01202,03979,03980,03982,03983,,,,,,,,,,,,,,,,,,,,,,,,,,,,,,,,,,,,,,,,,,,,,,,,,,,,,,,,,,,,,,,,,,,,,,,,,,,
0006,21 (4-6),มหานาค - วัดคู่สร้าง,NGV 489,BMTA,03983,06453,01765,01766,06461,01290,06455,06456,03987,01671,01672,01174,01175,06280,03996,03495,03123,03497,03498,03307,03499,03295,03296,03297,03299,02374,02375,02376,02377,02378,02379,06307,06381,00782,00784,06308,00786,03984,00788,00789,04971,06309,00791,00792,00793,00766,06310,00765,00795,00762,00798,00799,00800,00758,00757,06352,00803,00804,06313,00805,04977,00807,06314,06315,06316,06354,00811,06355,00745,06188,05016,,,,,,,,,,,,,,,,,,,,,,,,,,,,,,,,,,,,,,,,,,,,,,,,,,,,,,,,,,,,,,,,,,,,,,,,,,,,,,
0007,21E (4-7E),ทางด่วน : วัดคู่สร้าง - จุฬาลงกรณ์มหาวิทยาลัย,NGV 489,BMTA,05016,00746,06319,06320,00748,00810,06322,00749,00810,04160,00751,00752,06323,00754,00755,00802,04979,00801,00759,06325,00760,00761,00797,00763,00794,06333,00767,00768,00770,00771,00772,00773,06334,00774,00050,00775,00785,00776,00777,00780,06335,00031,02235,02330,02331,04377,03954,03956,03957,07849,02810,02811,03674,03835,03836,03837,03838,03839,01194,02697,02698,02699,04440,02700,03894,03683,01585,01216,01486,03936 ,03937,02235,02330,02331,02232,06307,06381,00782,00784,06308,00786,03984,00788,00789,04971,06309,00791,00792,00793,00766,06310,00765,00795,00762,00798,00799,00800,00758,00757,06352,00803,00804,06313,00805,04977,00807,06314,06315,06316,06354 ,00811,06355,00745,06188,05016,,,,,,,,,,,,,,,,,,,,,,,,,,,,,,,,,,
0008,88 (4-17),มจธ.บางขุนเทียน - BTS ตลาดพลู,AIR,TSB,05016,00746,06319,06320,00748,00810,06322,00749,00810,04160,00751,00752,06323,00754,00755,00802,04979,00801,00759,06325,00760,00761,00797,00763,00794,06333,00767,00768,00770,00771,00772,00773,06334,00774,00050,00775,00785,00776,00777,00780,06335,02380,03990,01680,01681,01684,06269,01685,01686,01687,01688,01689,01690,01219,03308,04316,03309,03310,07800,07800,03311,03292,03293,03294,04344,01187,01692,01693,01694,01695,01696,01697,01699,01700,06365,01702,02379,06307,06381,00782,00784,06308,00786,03984,00788,00789,04971,06309,00791,00792,00793,00766,06310,00765,00795,00762,00798,00799,00800,00758,00757,06352,00803,00804,06313,00805,04977,00807,06314,06315,06316,06354,00811,06355,00745,06188,05016,,,,,,,,,,,,,,,,,,,,,,,,,,,,,,,,
0009,101 (4-5),ท่าเรือพระประแดง - พุทธมณฑลสาย 2,Standard,BMTA,06746,02327,03967,06747,00675,02328,02329,02330,02331,02332,02380,02381,02382,02383,02384,02385,03302,03303,03304,06805,06806,06807,06808,06809,02604,02605,06465,06466,06467,06468,02608,02609,03317,03318,00447,03319,03320,03321,02517,04229,03322,03323,03324,03325,03326,03327,03328,03329,03330,01146,03331,04197,03997,03998,03999,04000,06639,06640,05825,05823,01905,05819,05818,06641,05815,05814,05812,05811,06642,01906,06643,01907,05808,00222,06638,06638,06651,01952,01953,06652,05810,05813,06653,05816,05817,05820,05821,05822,05824,05826,06656,06797,04001,04196,04002,04003,03263,03264,03265,03266,03267,03268,03269,03270,03271,03272,03273,03274,03275,03276,03277,03278,03279,03280,03281,03282,03283,03284,05010,06493,02647,06497,06498,06801,06802,06803,02649,06804,02651,03296,03297,03299,02374,02375,02376,02377,02378,02379,00031,02335,02336,02337,02338,06268,06753,06754,02339,02326,06746
0010,3-31,เมกาบางนา - บางบอน,Standard,BMTA,03916,04463,02214,02215,02216,02217,02218,04213,04214,02480,02481,02482,02483,02484,04928,06910,04396,04991,02901,02902,02903,02904,06019,06020,06021,06022,06023,06024,06025,06027,06028,06029,06030,06031,06032,06033,06034,06035,06036,06037,06038,06039,02329,02330,02331,02332,02380,02381,02382,02383,02384,02385,03302,03303,03304,06805,06806,06807,06808,06809,02604,06500,06501,03214,06502,03114,06503,06504,06505,06506,03128,03129,06507,06508,06509,03130,03132,03133,01639,03104,03105,03106,03107,03108,00018,03109,06460,03110,03111,06462,03112,03113,06463,03126,03115,03116,03117,06464,06801,06802,06803,02649,06804,02651,03296,03297,03299,02374,02375,02376,02377,02378,02379,00031,02335,02336,02337,05999,06001,06000,,,,,,,,,,,,,,,,,,,,,,,,,,,,,
0011,141 (4-23E),แสมดำ - จุฬาลงกรณ์มหาวิทยาลัย,NGV 489,BMTA,02373,04310,04277,04349,03479,06618,04278,04279,04353,04311,03480,04340,04312,04313,04314,06619,04315,04317,04318,04319,04320,04321,05304,04324,04323,04266,04325,04326,04327,04328,02374,02375,02376,02377,02378,02379,00031,02335,02330,02331,04377,01469,03358,03359,03364,04306,04307,03672,03674,03835,03836,03836,03837,03838,03839,01194,02697,02698,02699,04440,02700,03894,03683,05697,03684,03686,02090,07030,03371,02335,02330,02332,02380,02381,02382,02383,02384,02385,04330,03300,04331,04332,04333,04334,04335,04336,03301,06623,04274,03500,03501,06624,04338,04345,03502,03503,04350,04346,06625,04275,07577,04351,04352,04280,04347,03504,04348,04276,04260,02373,,,,,,,,,,,,,,,,,,,,,,,,,,,,,,,,,,,,,,,
0012,20 (4-4),ป้อมประจุลจอมเกล้า - ท่าดินแดง,NGV 489,BMTA,05696,05306,05308,05310,00686,05311,05313,05315,05317,05319,05321,05323,05325,05327,06278,06187,06369,00663,00664,03966,00665,06283,00667,00668,04978,00669,06284,00670,06285,00671,03967,04365,06286,00673,00674,00675,02328,02329,02330,02331,02332,02380,02381,02382,02383,02384,02385,03302,03303,03304,03305,03306,04563,03481,03482,03118,06287,03483,03120,06288,02622,02623,02624,01753,01754,03968,03969,03969,06279,01761,04435,04448,04436,06280,03996,03495,03123,03497,03498,03307,03499,03295,03296,03297,03299,02374,02375,02376,02377,02378,02379,02335,02336,02337,02338,06268,06267,06266,00676,04367,06289,03971,06281,00679,03972,00680,00681,00682,00683,00684,06282,03974,00662,06278,06187,06369,00663,05329,05328,05326,05324,05322,05320,05318,05316,05314,05312,05002,05309,05307,05305,05696,,,,,,,,,,,,,,,,,
0013,195 (3-50),คลองเตย (โรงพยาบาลท่าเรือ) - สถานีรถไฟฟ้าตลาดพลู,Standard,BMTA,03370,08167,08168,03668,05695,02090,01470,03361,02359,00003,01475,00631,00632,06186,02329,02330,02331,02332,02380,02381,02382,02383,02384,02385,03302,03303,03304,03305,03306,04563,03308,04316,03309,03310,03293,03294,04344,03307,03499,03295,03296,03297,03299,02374,02375,02376,02377,02378,02379,02335,02336,02337,06815,07025,00633,00634,01546,01548,01549,01551,07030,02093,03370,,,,,,,,,,,,,,,,,,,,,,,,,,,,,,,,,,,,,,,,,,,,,,,,,,,,,,,,,,,,,,,,,,,,,,,,,,,,,,,,,,,,,,
0014,142 (3-17E),ปากน้ำ - แสมดำ,Standard,BMTA,02373,04310,04277,04349,03479,06618,04278,04279,04353,04311,03480,04340,04312,04313,04314,06619,04315,04317,04318,04319,04320,04321,05304,04324,04323,04266,04325,04326,04327,04328,02374,02375,02376,02377,02378,02379,00031,02335,02330,02331,04377,03375,03376,03377,03378,03379,03380,03381,03383,05714,03384,04079,03385,03386,03387,02391,03388,03389,03390,03391,03392,03393,03394,03395,03396,03397,06400,06401,04082,03399,03914,02386,02386,03908,03400,04944,03398,03337,03338,03339,03340,03341,03342,03343,03344,06386,03345,03346,03904,03347,03348,03853,03349,03350,06358,03351,03352,00635,03353,00636,03354,02335,02330,02332,02380,02381,02382,02383,02384,02385,04330,03300,04331,04332,04333,04334,04335,04336,03301,06623,04274,03500,03501,06624,04338,04345,03502,03503,04350,04346,06625,04275,07577,04351,04352,04280,04347,03504,04348,04276,04260,02373,,,,,,,
0015,558 (S7),สนามบินสุวรรณภูมิ - เคหะธนบุรี (ทางด่วน),AIR,TSB,04970,05330,02210,02211,02212,04212,02214,02215,02216,02217,02218,04213,02219,04214,02221,06870,02222,02223,06871,02224,02225,05688,02335,02330,02332,02380,02381,02382,02383,02384,02385,04330,03300,04331,04332,04333,04334,04335,04336,03301,06623,04274,03500,03501,06624,04338,04345,03502,03503,04350,04346,06625,04275,06193,4340,04312,04313,04314,06619,04315,04317,04318,04319,04320,04321,05304,04324,04323,04266,04325,04326,04327,04328,02374,02375,02376,02377,02378,02379,00031,02335,02330,02331,04377,05690,02169,02170,05699,02171,02172,05700,02173,02174,02175,06499,02176,02177,02178,05691,02179,02254,02180,02181,04462,02182,02183,02184,05331,02185,05332,04970,,,,,,,,,,,,,,,,,,,,,,,,,,,,,,,,,,,,,,
0019,1 (3-35),เซ็นทรัลพระราม 3 - สนามหลวง,AIR,TSB,03953,03961,03962,03955,02387,02390,07070,00721,00722,00723,00724,00725,00726,00727,03233,03234,03235,01190,03236,01191,03963,03239,01192,03241,03242,03243,03244,03245,01538,03246,03247,03248,04374,03249,03250,00002,03251,03253,01931,02004,,,,,,,,,,,,,,,,,,,,,,,,,,,,,,,,,,,,,,,,,,,,,,,,,,,,,,,,,,,,,,,,,,,,,,,,,,,,,,,,,,,,,,,,,,,,,,,,,,,,,,,,,,,,,
0020,1 (3-35),สนามหลวง - เซ็นทรัลพระราม 3,AIR,TSB,02004,00699,00929,03926,00930,01027,01025,00001,03208,03210,05708,03211,04056,04583,04584,03212,03965,03213,03214,03215,03216,03217,03919,03218,03219,03220,03221,03222,00035,03224,03238,03225,03227,03228,03229,03230,03231,00729,07080,07079,00731,07083,00732,00733,00734,07082,02389,00383,08145,03953,,,,,,,,,,,,,,,,,,,,,,,,,,,,,,,,,,,,,,,,,,,,,,,,,,,,,,,,,,,,,,,,,,,,,,,,,,,,,,,,,,,,,,,,,,,,,,,,,,,
0021,2 (3-1),ปากน้ำ - สะพานพุทธ,AIR,TSB,07618,03337,03338,03339,03340,03341,03342,03343,03344,06386,03345,03346,03904,03347,03348,03349,03350,06358,03351,03352,00635,03353,00636,02905,02906,02907,04575,02908,02909,02910,02911,02228,02912,00637,02913,02914,02915,02916,01176,04180,01177,00638,00639,99200,00641,06367,00643,00049,06368,00644,00645,03911,00646,00647,00648,04964,02075,06271,02529,02530,01453,01423,01765,01766,01204,03057,01999,02000,06370,06371,00593,04391,,,,,,,,,,,,,,,,,,,,,,,,,,,,,,,,,,,,,,,,,,,,,,,,,,,,,,,,,,,,,,,,,,,,,,,,,,,,,
0022,2 (3-1),สะพานพุทธ -ปากน้ำ,AIR,TSB,04391,03061,05566,01931,01996,01998,01208,01676,01719,01740,06517,01417,04450,02535,02536,02083,02084,02085,00651,04140,06391,06392,04069,04163,04070,04076,00653,00654,04071,04077,04072,00657,04164,00659,02240,04181,05960,02241,02918,02920,04078,02921,05689,02922,02923,02924,02925,02926,02927,00660,02928,02929,03374,03376,03377,03378,03379,03380,03381,03383,05714,03384,04079,03385,03386,03387,02391,03388,03389,03390,03391,03392,03393,03394,03395,03396,03397,07618,,,,,,,,,,,,,,,,,,,,,,,,,,,,,,,,,,,,,,,,,,,,,,,,,,,,,,,,,,,,,,,,,,,,,,,
0023,3 (2-37),คลองสาน - กรุงเทพอภิวัฒน์,Stadard,BMTA,03792,03793,03486,03487,06393,04433,04434,04435,04448,04436,01178,04432,01673,03842,03061,05566,01931,04395,03970,00590,00591,01206,03066,03827,00902,02582,06394,01455,00328,02593,04267,04268,06395,01457,06397,06398,01459,05018,02965,02966,02967,02968,00015,02969,02970,02972,02973,06399,02974,03618,03619,04237,04957,03448,03807,02668,02669,02670,01442,02344,02345,06189,06405,06263,,,,,,,,,,,,,,,,,,,,,,,,,,,,,,,,,,,,,,,,,,,,,,,,,,,,,,,,,,,,,,,,,,,,,,,,,,,,,,,,,,,,,
0024,3 (2-37),กรุงเทพอภิวัฒน์ - คลองสาน,Stadard,BMTA,06263,06405,02262,04956,06265,03443,04235,03444,06890,02333,02334,02660,02661,08590,03441,03442,03543,03544,03545,03016,03017,03018,03020,03021,03022,03023,03024,05017,03025,99201,01449,00897,01450,08170,99202,06294,02586,02587,02588,02589,00898,01040,00900,00899,00901,02004,00190,00017,04438,00593,03842,01672,01174,01175,06280,03484,04233,04234,03485,03792,,,,,,,,,,,,,,,,,,,,,,,,,,,,,,,,,,,,,,,,,,,,,,,,,,,,,,,,,,,,,,,,,,,,,,,,,,,,,,,,,,,,,,,,,
0025,3 (2-37),คลองสาน - กรุงเทพอภิวัฒน์,EuroTwo,BMTA,03792,03793,03486,03487,06393,04433,04434,04435,04448,04436,01178,04432,01673,03842,03061,05566,01931,04395,03970,00590,00591,01206,03066,03827,00902,02582,06394,01455,00328,02593,04267,04268,06395,01457,06397,06398,01459,05018,02965,02966,02967,02968,00015,02969,02970,02972,02973,06399,02974,03618,03619,04237,04957,03448,03807,02668,02669,02670,01442,02344,02345,06189,06405,06263,,,,,,,,,,,,,,,,,,,,,,,,,,,,,,,,,,,,,,,,,,,,,,,,,,,,,,,,,,,,,,,,,,,,,,,,,,,,,,,,,,,,,
0026,3 (2-37),กรุงเทพอภิวัฒน์ - คลองสาน,EuroTwo,BMTA,06263,06405,02262,04956,06265,03443,04235,03444,06890,02333,02334,02660,02661,08590,03441,03442,03543,03544,03545,03016,03017,03018,03020,03021,03022,03023,03024,05017,03025,99201,01449,00897,01450,08170,99202,06294,02586,02587,02588,02589,00898,01040,00900,00899,00901,02004,00190,00017,04438,00593,03842,01672,01174,01175,06280,03484,04233,04234,03485,03792,,,,,,,,,,,,,,,,,,,,,,,,,,,,,,,,,,,,,,,,,,,,,,,,,,,,,,,,,,,,,,,,,,,,,,,,,,,,,,,,,,,,,,,,,
0048,6 (4-1),พระประแดง - บางลำพู,AIR,TSB,06746,02326,02327,03976,07711,07712,07713,07714,07715,00243,00244,07705,00249,05037,00989,00990,00991,03977,03977,00996,00993,00994,01684,06269,01685,01686,01687,01688,01689,01690,04739,04751,02635,02633,04742,02631,04744,04745,04746,02628,04748,00010,03486,03488,01759,01760,01756,01021,01022,06472,06478,04574,00586,03252,03253,01931,04395,03970,00590,00591,00901,,,,,,,,,,,,,,,,,,,,,,,,,,,,,,,,,,,,,,,,,,,,,,,,,,,,,,,,,,,,,,,,,,,,,,,,,,,,,,,,,,,,,,,,,,,,,,,,,,,,,,,,,,,,,,,,,,,,,,,,,,,,,,,,,,,,,,,,,,,,,,,,,,,,
0049,7 (4-36),เอกชัย - หัวลำโพง,AIR,TSB,04354,03086,03151,03087,07786,07785,03088,07783,07781,07779,07777,07777,07777,07776,07776,07776,03089,03090,06483,06483,06512,03091,06454,03092,00489,03093,00490,03094,03095,04967,04611,04610,04609,04607,04603,04605,04602,04600,04599,04596,04595,04592,04590,04591,04589,00298,00298,04588,00291,00292,00293,04587,00294,00295,01902,00021,01903,03258,03259,03260,03261,04004,03262,03263,03264,03265,03266,03267,03268,03269,03270,03271,03272,03273,03274,03275,03276,03277,03278,03279,03280,03281,03282,03283,03284,03285,03286,02516,03288,03289,01584,04219,03795,02621,01178,04432,01673,01674,00002,05708,03211,04056,06301,06301,06481,06482,01037,04373,,,,,,,,,,,,,,,,,,,,,,,,,,,,,,,,,,,,,,,,,,,,,,,,,,,,,,,,,,,,,,,,,,,,,,,,,,,,,,,,,,,,,,,,,,,,,,,,,,,,,,,,,,,,,,,,,,,,,,,,,,,,,,,,,,,,,,,,,,,,,,,,,,,,
0050, 8 (2-38),แฮปปี้แลนด์ - สะพานพุทธ,AIR,TSB,02880,02881,02882,02883,02884,02886,03190,03191,03192,03193,03194,03195,03196,03197,03198,03200,03181,03203,03204,03205,05014,06777,00020,03173,03172,01856,01857,03168,01859,01860,01862,01864,01866,01867,01868,01869,01870,01871,03439,08590,03440,03441,03442,03543,03544,03618,03546,03547,03548,03549,03550,03551,03552,03553,03784,00005,03554,04445,01420,01421,00687,00688,00690,01764,01765,01766,01209,06455,01200,01670,03987,01671,04391,,,,,,,,,,,,,,,,,,,,,,,,,,,,,,,,,,,,,,,,,,,,,,,,,,,,,,,,,,,,,,,,,,,,,,,,,,,,,,,,,,,,,,,,,,,,,,,,,,,,,,,,,,,,,,,,,,,,,,,,,,,,,,,,,,,,,,,,,,,,,,,,,,,,
0051,9 (4-37),สถานีรถไฟสามเสน - กัลปพฤษ์,AIR,TSB,04545,04162,04157,04157,04157,07038,07039,04154,07034,02610,06470,06471,02613,02614,02617,02619,02620,02621,01178,04432,01673,03842,04391,03061,04293,08109,08110,01931,04395,03970,00590,00591,00587,03056,00902,02582,02593,04267,01457,06397,00386,00318,00319,04059,,,,,,,,,,,,,,,,,,,,,,,,,,,,,,,,,,,,,,,,,,,,,,,,,,,,,,,,,,,,,,,,,,,,,,,,,,,,,,,,,,,,,,,,,,,,,,,,,,,,,,,,,,,,,,,,,,,,,,,,,,,,,,,,,,,,,,,,,,,,,,,,,,,,
0052,11 (3-3),สวนหลวง ร.9 - สนามกีฬาแห่งชาติ,AIR,TSB,04680,04681,04682,04656,04655,08602,08600,08601,04826,04827,01099,07544,01101,03876,01102,01102,02467,05966,07194,07195,02015,04834,03712,03646,03762,03763,03764,03877,00008,02518,02519,02520,02521,02522,02523,02525,02526,02527,02528,02529,02530,02531,02532,,,,,,,,,,,,,,,,,,,,,,,,,,,,,,,,,,,,,,,,,,,,,,,,,,,,,,,,,,,,,,,,,,,,,,,,,,,,,,,,,,,,,,,,,,,,,,,,,,,,,,,,,,,,,,,,,,,,,,,,,,,,,,,,,,,,,,,,,,,,,,,,,,,,
0053,12 (3-37),สนง.ที่ดินกรุงเทพ - ศูนย์วัฒนธรรมแห่งประเทศไทย,AIR,TSB,04438,00586,07088,03064,03065,03056,04263,05020,02592,02593,04267,03067,04269,03068,03051,06474,04282,04042,04272,03608,04445,03609,03610,03782,03072,03073,03074,03075,03076,03077,03078,03079,03844,03080,03845,02999,03001,03846,03002,03847,01555,00706,02299,02300,00704,01839,,,,,,,,,,,,,,,,,,,,,,,,,,,,,,,,,,,,,,,,,,,,,,,,,,,,,,,,,,,,,,,,,,,,,,,,,,,,,,,,,,,,,,,,,,,,,,,,,,,,,,,,,,,,,,,,,,,,,,,,,,,,,,,,,,,,,,,,,,,,,,,,,,,,
0054,13 (3-38),คลองเตย - ห้วยขวาง (ปัฐวิกรณ์),Stadard,BMTA,03924,00706,01555,02989,02990,02991,02992,02993,02994,03849,03043,04342,03044,03078,03046,03047,03850,03048,03049,02078,02082,02083,02354,02355,02356,02357,04297,04954,02088,02089,03686,02090,06800,03359,02093,03370,,,,,,,,,,,,,,,,,,,,,,,,,,,,,,,,,,,,,,,,,,,,,,,,,,,,,,,,,,,,,,,,,,,,,,,,,,,,,,,,,,,,,,,,,,,,,,,,,,,,,,,,,,,,,,,,,,,,,,,,,,,,,,,,,,,,,,,,,,,,,,,,,,,,
0055,14 (3-39),ถนนตก - ศรีย่าน,AIR,TSB,06362,06363,06364,00729,07080,07079,00731,07083,00732,00733,00734,07082,00735,07086,00736,00737,07084,00738,00740,00741,07085,00742,00743,00744,07087,07025,00633,00634,01546,01548,01549,01551,03364,04306,04307,03671,03672,02360,02361,02362,02363,02364,02083,06271,02077,02081,02079,03050,03784,00005,03554,04445,03943,04281,02350,02367,02368,02369,02370,02371,02372,00897,06397,,,,,,,,,,,,,,,,,,,,,,,,,,,,,,,,,,,,,,,,,,,,,,,,,,,,,,,,,,,,,,,,,,,,,,,,,,,,,,,,,,,,,,,,,,,,,,,,,,,,,,,,,,,,,,,,,,,,,,,,,,,,,,,,,,,,,,,,,,,,,,,,,,,,
0056,15 (4-2),วงกลม : BRT ราชพฤกษ์ - บางลำพู - สยาม - (วนขวา),Stadard,BMTA,04959,03293,03294,04344,01187,01188,03233,03234,03235,01190,03236,03238,03239,01192,03241,03242,03243,03244,00013,02806,02807,02808,02809,02810,02360,02361,02362,02364,01193,01194,02532,02534,04126,01197,01199,04221,01200,01201,01202,01203,01204,03057,01999,02000,02001,04395,,,,,,,,,,,,,,,,,,,,,,,,,,,,,,,,,,,,,,,,,,,,,,,,,,,,,,,,,,,,,,,,,,,,,,,,,,,,,,,,,,,,,,,,,,,,,,,,,,,,,,,,,,,,,,,,,,,,,,,,,,,,,,,,,,,,,,,,,,,,,,,,,,,,
0057,16 (2-2),ปากเกร็ด - สี่พระยา,Stadard,BMTA,03835,03836,03837,03838,03839,01194,02705,01453,01423,01418,01425,01426,01427,01454,02584,02585,01456,01457,01459,05018,02965,03026,03027,00917,00918,00919,00920,00921,00922,00923,00924,00925,00907,00927,03841,01705,01706,01707,01708,01709,01838,01442,02344,02345,03444,,,,,,,,,,,,,,,,,,,,,,,,,,,,,,,,,,,,,,,,,,,,,,,,,,,,,,,,,,,,,,,,,,,,,,,,,,,,,,,,,,,,,,,,,,,,,,,,,,,,,,,,,,,,,,,,,,,,,,,,,,,,,,,,,,,,,,,,,,,,,,,,,,,,
0058,17 (4-3),อนุสาวรีย์ชัยสมรภูมิ - บิ๊กซีพระประแดง,AIR,TSB,00676,00673,00674,06267,00675,02328,02329,02330,02331,02332,02380,03990,01702,01681,01684,06269,01685,01686,01687,01688,01689,01690,01188,03233,03234,03235,01190,03236,01191,03238,03239,01192,03241,03242,03243,06270,03954,03956,03957,03935,02892,02893,02917,02072,04308,04309,02073,02086,02075,06387,02083,06271,02077,02081,02079,03050,03783,,,,,,,,,,,,,,,,,,,,,,,,,,,,,,,,,,,,,,,,,,,,,,,,,,,,,,,,,,,,,,,,,,,,,,,,,,,,,,,,,,,,,,,,,,,,,,,,,,,,,,,,,,,,,,,,,,,,,,,,,,,,,,,,,,,,,,,,,,,,,,,,,,,,
0059,18 (2-3),ตลาดท่าพระอิฐ - อนุสาวรีย์ชัยสมรภูมิ ,AIR,TSB,07728,03775,03776,03773,07050,03778,03780,01786,01787,06275,01788,06274,01789,01790,02255,00029,02256,02266,02258,02259,05107,06276,02792,02793,02794,02795,01841,01842,07765,01843,01844,01845,01848,01847,01443,01444,01445,04051,01446,01447,01448,02574,02575,02576,02577,06290,02578,06291,06292,02580,04055,03601,04818,03602,03603,03604,03605,03606,03607,03608,04445,03609,03610,03784,,,,,,,,,,,,,,,,,,,,,,,,,,,,,,,,,,,,,,,,,,,,,,,,,,,,,,,,,,,,,,,,,,,,,,,,,,,,,,,,,,,,,,,,,,,,,,,,,,,,,,,,,,,,,,,,,,,,,,,,,,,,,,,,,,,,,,,,,,,,,,,,,,,,
0060,22 (3-40),แฮปปี้แลนด์ - ถนนตก,AIR,BMTA,00254,01645,01646,02852,02853,02854,02855,02856,02847,02859,00014,00895,02845,02844,02843,02842,02861,02862,02863,02864,02865,01245,02867,02868,02869,02870,02871,02872,02873,03859,02874,02875,02876,02877,02878,02880,02882,02883,02885,02886,03634,03635,03636,03637,03638,03639,03641,03642,03643,03644,03712,03646,03647,03707,03649,03650,03651,03652,03653,03654,03655,03656,03657,03658,03659,03698,03661,03663,03665,03666,03915,03667,08168,08168,03668,04306,04307,03671,02802,02803,02804,03946,00837,00838,00839,03947,07994,00842,,,,,,,,,,,,,,,,,,,,,,,,,,,,,,,,,,,,,,,,,,,,,,,,,,,,,,,,,,,,,,,,,,,,,,,,,,,,,,,,,,,,,,,,,,,,,,,,,,,,,,,,,,,,,,,,,,,,,,,,,,,,,,,,,,,,,,,,,,,,,,,,,,,,
0061,23 (3-5),เทเวศร์ - ปู่เจ้าสมิงพราย,Stadard,BMTA,00052,02592,06356,01427,01416,01425,04450,02535,02536,02537,02538,02539,02540,02541,02542,02543,02544,02545,04187,02546,02547,03877,00865,00866,00862,00861,00860,00870,00871,00858,00873,00876,02240,04181,02241,02918,02915,02920,04078,02921,02922,02923,02924,02925,02926,02927,00660,02928,02929,03374,03376,03377,03378,03379,03380,03381,03383,03384,04079,03385,01088,,,,,,,,,,,,,,,,,,,,,,,,,,,,,,,,,,,,,,,,,,,,,,,,,,,,,,,,,,,,,,,,,,,,,,,,,,,,,,,,,,,,,,,,,,,,,,,,,,,,,,,,,,,,,,,,,,,,,,,,,,,,,,,,,,,,,,,,,,,,,,,,,,,,
0062,24 (2-39),ประชานิเวศน์ 3 - จุฬา,Stadard,BMTA,03782,03072,03073,03524,03525,03526,03527,03528,00419,03529,03833,03530,03855,03531,03856,03856,03532,03449,03450,03451,03452,03453,03454,03455,03429,03457,03458,03459,03460,03422,00887,00888,00889,00890,00287,00891,00892,00878,00877,,,,,,,,,,,,,,,,,,,,,,,,,,,,,,,,,,,,,,,,,,,,,,,,,,,,,,,,,,,,,,,,,,,,,,,,,,,,,,,,,,,,,,,,,,,,,,,,,,,,,,,,,,,,,,,,,,,,,,,,,,,,,,,,,,,,,,,,,,,,,,,,,,,,
0063,25 (3-7E),ทางด่วน : แพรกษาบ่อดิน - สนามหลวง,Stadard,BMTA,04199,07443,07445,07447,07449,07451,07452,07453,07455,07458,07461,07464,07465,07467,07469,07471,07473,07475,04695,06384,05005,03906,03907,03401,03400,03400,04944,03398,07618,03337,04184,03338,03339,03393,03341,03342,03343,03344,06386,03345,03346,03904,03347,03348,03349,03383,03350,06358,03351,03352,03378,00635,03353,00636,03354,02905,02906,02907,02908,02909,02910,02911,02228,02912,00637,02913,02914,02915,02916,03658,03659,03698,03697,05959,02239,02240,,,,,,,,,,,,,,,,,,,,,,,,,,,,,,,,,,,,,,,,,,,,,,,,,,,,,,,,,,,,,,,,,,,,,,,,,,,,,,,,,,,,,,,,,,,,,,,,,,,,,,,,,,,,,,,,,,,,,,,,,,,,,,,,,,,,,,,,,,,,,,,,,,,,
0064,26 (1-36),หมอชิต 2 - มีนบุรี,Stadard,BMTA,03781,03611,04968,03612,03613,03614,03615,03616,03617,03618,03619,08462,03448,03449,03450,03451,03452,03453,03454,03455,03533,03534,02026,03535,03536,03537,02741,03538,03539,03540,04950,04387,03507,03508,01228,01264,01230,01231,01232,01233,01234,01234,01235,01236,01237,01238,01239,01240,03858,06360,01251,01243,01244,03890,03893,03897,04299,03898,02846,02847,04300,02857,01647,01648,01649,04301,04302,01650,01651,02104,04073,04296,04337,03766,,,,,,,,,,,,,,,,,,,,,,,,,,,,,,,,,,,,,,,,,,,,,,,,,,,,,,,,,,,,,,,,,,,,,,,,,,,,,,,,,,,,,,,,,,,,,,,,,,,,,,,,,,,,,,,,,,,,,,,,,,,,,,,,,,,,,,,,,,,,,,,,,,,,
0065,27 (1-37),มีนบุรี - วิภาวดี - อนุสาวรีย์ชัยสมรภูมิ,AIR,TSB,07291,07291,06655,06655,01305,04073,01306,02155,02102,01520,02157,01523,01522,02101,02162,02163,01307,02097,02165,02166,02094,03621,03737,03736,03736,03624,03625,03626,06389,03627,03731,06390,01308,01277,01310,01311,02886,03190,03191,03192,03193,03194,03195,03196,03185,03198,03200,03202,03203,03204,03205,05014,03175,00020,01854,03172,01856,01857,03168,01859,01860,03163,01864,01866,01867,01868,01869,01870,01871,00004,03852,03520,03813,03814,03521,03815,00418,03522,03854,03523,03819,03049,03072,03782,,,,,,,,,,,,,,,,,,,,,,,,,,,,,,,,,,,,,,,,,,,,,,,,,,,,,,,,,,,,,,,,,,,,,,,,,,,,,,,,,,,,,,,,,,,,,,,,,,,,,,,,,,,,,,,,,,,,,,,,,,,,,,,,,,,,,,,,,,,,,,,,,,,,
0066,28 (4-38),สายใต้ใหม่ (ตลิ่งชัน) - ม.ราชภัฏจันทรเกษม,AIR,TSB,07478,04896,04914,07496,04912,01995,01914,04075,01915,04808,01917,01917,01941,01919,01920,04613,01922,01923,04562,01924,01925,04520,03596,03597,03564,03599,03600,04818,03602,03603,03604,03605,03606,03607,03608,04445,03609,03610,03781,03611,04968,03612,03613,03614,03615,03616,03617,03618,03619,08229,04957,03440,03440,03448,03439,02472,01870,03159,03160,03161,03162,04952,02019,02020,02021,,,,,,,,,,,,,,,,,,,,,,,,,,,,,,,,,,,,,,,,,,,,,,,,,,,,,,,,,,,,,,,,,,,,,,,,,,,,,,,,,,,,,,,,,,,,,,,,,,,,,,,,,,,,,,,,,,,,,,,,,,,,,,,,,,,,,,,,,,,,,,,,,,,,
0067,29 (1-1),บางเขน - หัวลำโพง,AIR,TSB,03507,03508,05194,01226,01268,05143,00532,00533,07233,03802,03803,00534,00535,02654,02655,02656,02657,03804,02658,07235,03805,02669,02661,08590,03440,04957,03441,03442,02260,03912,06634,00042,06637,01626,02351,03071,01420,01421,01422,00288,01423,01453,02531,02697,02698,02699,04440,02700,03676,00006,03677,01036,06609,01035,,,,,,,,,,,,,,,,,,,,,,,,,,,,,,,,,,,,,,,,,,,,,,,,,,,,,,,,,,,,,,,,,,,,,,,,,,,,,,,,,,,,,,,,,,,,,,,,,,,,,,,,,,,,,,,,,,,,,,,,,,,,,,,,,,,,,,,,,,,,,,,,,,,,
0068,30 (2-4),สายใต้ปิ่นเกล้า - วัดปากน้ำนนทบุรี,AIR,TSB,04613,01922,01923,04562,01924,01925,04520,01926,01927,01930,02004,00699,08113,00697,00929,03926,04581,00187,04439,03254,08110,01931,04395,03970,00590,00591,00587,03056,00902,02582,02593,04267,01457,06397,01459,05018,02965,02965,02966,02967,03024,01066,01067,01068,01069,04057,04969,04969,04057,01070,00920,00921,00922,00923,00924,00925,00907,00927,00928,06298,01848,01849,01850,07765,06299,01852,06300,02734,06419,02797,00903,02798,08264,02730,02730,02800,02800,02801,02944,02945,02946,03040,02948,02949,02950,02951,02952,,,,,,,,,,,,,,,,,,,,,,,,,,,,,,,,,,,,,,,,,,,,,,,,,,,,,,,,,,,,,,,,,,,,,,,,,,,,,,,,,,,,,,,,,,,,,,,,,,,,,,,,,,,,,,,,,,,,,,,,,,,,,,,,,,,,,,,,,,,,,,,,,,,,
0069,32 (2-5),ปากเกร็ด - วัดโพธิ์,Stadard,BMTA,03402,03403,03404,03405,03406,05182,03408,06414,03409,03410,03411,03412,03470,03413,03414,03415,03416,05107,02792,02793,02794,02795,02734,02797,00903,02798,02799,02730,02800,02801,05094,02945,02946,02947,02948,02949,02950,02951,02952,02953,02954,02955,02956,02957,02958,02959,02960,02961,02962,02963,02964,05018,01449,00897,01450,01456,02586,02587,02588,02589,00898,01040,00900,00899,00901,01996,01999,02000,02001,08225,04395,03970,,,,,,,,,,,,,,,,,,,,,,,,,,,,,,,,,,,,,,,,,,,,,,,,,,,,,,,,,,,,,,,,,,,,,,,,,,,,,,,,,,,,,,,,,,,,,,,,,,,,,,,,,,,,,,,,,,,,,,,,,,,,,,,,,,,,,,,,,,,,,,,,,,,,
0070,34 (1-3),รังสิต - หัวลำโพง,AIR,TSB,05515,03510,03511,03540,03512,03513,03514,03537,03516,03517,02026,03518,03519,03430,03431,03431,03453,03433,03433,03452,03434,03435,03436,03437,03438,08590,03440,04957,03441,03442,03543,03544,03618,03617,03546,03548,03549,03550,03551,03552,03553,03783,07731,02662,03806,02346,02342,02347,02531,02697,02698,02699,04440,02700,03676,00006,03677,01036,06609,01035,,,,,,,,,,,,,,,,,,,,,,,,,,,,,,,,,,,,,,,,,,,,,,,,,,,,,,,,,,,,,,,,,,,,,,,,,,,,,,,,,,,,,,,,,,,,,,,,,,,,,,,,,,,,,,,,,,,,,,,,,,,,,,,,,,,,,,,,,,,,,,,,,,,,
0071,35 (4-8),เคหะธนบุรี - บางลำพู,AIR,TSB,04340,04275,04312,04313,04314,06619,04315,04317,04318,04319,04320,04321,04324,04323,04266,04325,04326,04327,04328,04329,06621,06622,03302,03303,03304,03305,03306,04563,01187,01188,00729,07080,07079,00731,07083,00732,00733,00734,07082,00735,07086,00719,00737,00851,00852,00853,03927,03934,03929,03931,03933,03938,00847,00848,07988,00819,00850,07989,07990,01192,03241,03242,03243,03244,03245,01538,03213,03214,03215,04191,03843,03676,00006,03677,01036,03964,03248,04374,03249,03249,07029,04221,01200,01201,01202,01204,03057,01999,04933,04270,,,,,,,,,,,,,,,,,,,,,,,,,,,,,,,,,,,,,,,,,,,,,,,,,,,,,,,,,,,,,,,,,,,,,,,,,,,,,,,,,,,,,,,,,,,,,,,,,,,,,,,,,,,,,,,,,,,,,,,,,,,,,,,,,,,,,,,,,,,,,,,,,,,,
0072,36 (2-40),สี่พระยา - อู่พระราม 9,EuroTwo,BMTA,01539,04586,03213,03214,03215,04191,03843,02701,04409,02702,02703,02704,02705,02342,03806,02343,03782,03072,03073,03074,03075,03076,03077,03078,03079,03844,03080,03845,02998,02999,03000,03001,03846,03002,03847,02299,02300,00704,00703,00705,03922,,,,,,,,,,,,,,,,,,,,,,,,,,,,,,,,,,,,,,,,,,,,,,,,,,,,,,,,,,,,,,,,,,,,,,,,,,,,,,,,,,,,,,,,,,,,,,,,,,,,,,,,,,,,,,,,,,,,,,,,,,,,,,,,,,,,,,,,,,,,,,,,,,,,
0073,37 (4-9),ท่าน้ำพระประแดง -จุฬา,Stadard,BMTA,00248,00989,00990,00991,03977,03977,00993,00994,03978,01700,01700,01702,02381,02382,02383,02384,02385,03302,03303,03304,03305,03306,04563,03481,03482,03118,03483,03120,01178,04432,01673,01674,01200,01201,01202,03979,03980,03982,03983,,,,,,,,,,,,,,,,,,,,,,,,,,,,,,,,,,,,,,,,,,,,,,,,,,,,,,,,,,,,,,,,,,,,,,,,,,,,,,,,,,,,,,,,,,,,,,,,,,,,,,,,,,,,,,,,,,,,,,,,,,,,,,,,,,,,,,,,,,,,,,,,,,,,
0074,38 (3-8),ม.รามคำแหง - อนุสาวรีย์ชัยสมรภูมิ,AIR,TSB,06484,00471,05687,05694,02341,02214,02215,02216,02217,02218,04213,02219,04214,02221,06870,02222,02223,06871,02224,02225,05688,02906,02907,02908,02909,02910,02911,02228,02912,00637,02913,02914,02915,02916,01176,05960,01177,08616,00638,00639,99200,00641,06367,00643,00049,06368,00644,00645,02274,02275,02276,02277,02522,02523,02525,02526,02527,02528,02077,02081,02079,03050,03783,,,,,,,,,,,,,,,,,,,,,,,,,,,,,,,,,,,,,,,,,,,,,,,,,,,,,,,,,,,,,,,,,,,,,,,,,,,,,,,,,,,,,,,,,,,,,,,,,,,,,,,,,,,,,,,,,,,,,,,,,,,,,,,,,,,,,,,,,,,,,,,,,,,,
0075,39 (1-5),รังสิต - อนุสาวรีย์ชัยสมรภูมิ,AIR,TSB,07231,02763,02765,04298,02761,02760,00479,02768,02758,02770,02757,00441,02774,02775,02776,02777,02778,06426,02780,02748,02747,02746,02784,00478,02785,05515,03510,03511,03540,03512,03513,03514,03537,03516,03517,02026,03518,03519,03430,03431,03453,03432,03433,03433,03452,03434,03435,03436,03437,03438,08590,03440,04957,03441,03442,03543,03544,03618,03546,03547,03548,03549,03550,03551,03552,03553,03781,,,,,,,,,,,,,,,,,,,,,,,,,,,,,,,,,,,,,,,,,,,,,,,,,,,,,,,,,,,,,,,,,,,,,,,,,,,,,,,,,,,,,,,,,,,,,,,,,,,,,,,,,,,,,,,,,,,,,,,,,,,,,,,,,,,,,,,,,,,,,,,,,,,,
0076,40 (4-39),สายใต้ใหม่ (ตลิ่งชัน) - เอกมัย,AIR,TSB,05039,04896,04914,07496,04912,01995,01914,04075,01915,04808,01917,01917,01941,01919,01920,04613,01922,01923,04562,01924,01925,04520,03566,03594,03568,03569,03570,06564,03571,08155,02494,02495,01165,01166,01167,01183,01169,07768,01170,06576,01171,01172,06575,01173,01673,01674,00002,05708,03211,04056,06301,06301,04714,01440,04437,03680,03681,03682,02701,04409,02702,02703,01214,01215,02084,02085,00651,04140,06391,06392,04069,04163,04070,04076,00653,00049,04071,04077,04072,00657,00422,03662,05959,02239,08616,,,,,,,,,,,,,,,,,,,,,,,,,,,,,,,,,,,,,,,,,,,,,,,,,,,,,,,,,,,,,,,,,,,,,,,,,,,,,,,,,,,,,,,,,,,,,,,,,,,,,,,,,,,,,,,,,,,,,,,,,,,,,,,,,,,,,,,,,,,,,,,,,,,,
0077,43 (4-11),เอกชัย - เทเวศร์ ,AIR,TSB,04354,03086,03151,03087,07786,07785,03088,07783,07781,07779,07777,07777,07777,07776,07776,07776,03089,03090,06483,06483,06512,03091,06454,03092,00489,03093,00490,03094,03095,04967,03096,06510,06458,00494,00496,03100,03138,03102,01018,03103,03104,03105,03133,03107,03108,00018,03109,06460,03110,03111,06462,06505,03113,03114,06502,03115,03116,06501,06464,02605,06465,06466,06467,06468,02608,02609,02610,06470,06471,02613,02614,02617,02619,02620,02621,02622,02623,02624,04230,04231,02625,01759,01760,01756,01021,01022,06472,04574,00586,03252,03253,01931,04395,03970,00590,00591,00587,03056,04263,05020,02592,01454,,,,,,,,,,,,,,,,,,,,,,,,,,,,,,,,,,,,,,,,,,,,,,,,,,,,,,,,,,,,,,,,,,,,,,,,,,,,,,,,,,,,,,,,,,,,,,,,,,,,,,,,,,,,,,,,,,,,,,,,,,,,,,,,,,,,,,,,,,,,,,,,,,,,
0078,44 (2-42),เคหะคลองจั่น - ท่าเตียน,AIR,TSB,00604,00624,00605,06529,00607,00608,02877,02878,02880,02881,02882,02883,02884,02886,03190,03191,03192,03193,03194,03195,03196,03197,03198,03200,03202,03203,03204,03205,03206,06777,00020,01854,03172,01856,01857,03168,03166,01860,01862,01864,01866,01867,01868,01869,01870,01871,03439,03440,04957,03441,03442,03543,03544,03618,02974,03016,06399,03017,03018,03912,06634,00042,06637,01626,02351,03071,01420,01421,00687,00688,00690,01764,01765,01766,01204,03057,01999,02000,02001,04948,03875,00190,03254,04582,,,,,,,,,,,,,,,,,,,,,,,,,,,,,,,,,,,,,,,,,,,,,,,,,,,,,,,,,,,,,,,,,,,,,,,,,,,,,,,,,,,,,,,,,,,,,,,,,,,,,,,,,,,,,,,,,,,,,,,,,,,,,,,,,,,,,,,,,,,,,,,,,,,,
0079,47 (3-41),สนง.ที่ดินกรุงเทพ - ท่าเรือคลองเตย,Stadard,BMTA,04809,03062,01026,04439,00188,00189,04123,01931,01996,01998,01208,01203,01209,01031,00701,04126,01211,01212,01213,02697,02698,02699,04440,02700,03894,03683,03684,03686,02090,06800,03359,02093,03371,03357,,,,,,,,,,,,,,,,,,,,,,,,,,,,,,,,,,,,,,,,,,,,,,,,,,,,,,,,,,,,,,,,,,,,,,,,,,,,,,,,,,,,,,,,,,,,,,,,,,,,,,,,,,,,,,,,,,,,,,,,,,,,,,,,,,,,,,,,,,,,,,,,,,,,
0080,48 (3-11),ม.รามคำแหง 2 - ท่าช้าง,AIR,TSB,06484,00471,05687,05694,02341,02214,02215,02216,02217,02218,04213,02219,04214,04291,02229,02230,02230,05713,05702,05712,05703,05703,05703,,06496,06485,06495,05704,05705,05709,05706,02907,02908,02909,02910,02911,02228,02912,00637,02913,02914,02915,02916,01176,05960,01177,08616,00638,00639,99200,00641,06367,00643,00049,06368,00644,00645,04163,03911,00646,00647,00648,04964,02075,06387,01193,01194,02532,02534,04126,01197,01199,04221,01670,03987,00002,08112,03252,03253,00017,06488,04438,,,,,,,,,,,,,,,,,,,,,,,,,,,,,,,,,,,,,,,,,,,,,,,,,,,,,,,,,,,,,,,,,,,,,,,,,,,,,,,,,,,,,,,,,,,,,,,,,,,,,,,,,,,,,,,,,,,,,,,,,,,,,,,,,,,,,,,,,,,,,,,,,,,,
0081,49 (2-43),หัวลำโพง - กรุงเทพอภิวัฒน์ ,Stadard,BMTA,04292,01037,01199,04221,01200,01201,01202,01203,01676,01038,01431,01431,03826,03827,01039,00902,02582,02583,02584,02585,01456,01457,00897,01459,05018,05018,02965,03026,03027,03028,02959,03030,03031,03032,01041,01462,01463,01464,01465,01466,01467,00043,01705,01706,01707,01708,01709,01838,01442,02344,02345,03444,,,,,,,,,,,,,,,,,,,,,,,,,,,,,,,,,,,,,,,,,,,,,,,,,,,,,,,,,,,,,,,,,,,,,,,,,,,,,,,,,,,,,,,,,,,,,,,,,,,,,,,,,,,,,,,,,,,,,,,,,,,,,,,,,,,,,,,,,,,,,,,,,,,,
0082,50 (2-7),สวนลุมพินี - พระราม 7,Stadard,BMTA,02360,03674,03917,02701,02702,02703,02704,02705,01453,01423,00689,00688,04040,04041,04042,03051,01059,04044,01061,04045,01064,01065,01066,01068,01069,08128,01070,00920,00921,00922,00923,00924,00925,00907,00927,00928,01443,01444,04051,01446,01447,01448,03923,02603,03920,,,,,,,,,,,,,,,,,,,,,,,,,,,,,,,,,,,,,,,,,,,,,,,,,,,,,,,,,,,,,,,,,,,,,,,,,,,,,,,,,,,,,,,,,,,,,,,,,,,,,,,,,,,,,,,,,,,,,,,,,,,,,,,,,,,,,,,,,,,,,,,,,,,,
0083,51 (2-8),วัดปรางค์หลวง - บางเขน,AIR,TSB,02036,02037,02038,02039,02040,07193,02041,02042,05096,02044,02045,00143,05134,05660,08236,05089,05662,05663,08195,08196,08197,04727,04728,04728,04733,07078,03476,08202,03477,03478,03478,05071,03477,03403,03404,01617,01617,01618,01220,01619,01620,01621,04516,01622,01634,01624,07736,04446,04447,04940,04941,04048,01221,07737,01222,01223,08240,01224,01225,01226,05195,05515,,,,,,,,,,,,,,,,,,,,,,,,,,,,,,,,,,,,,,,,,,,,,,,,,,,,,,,,,,,,,,,,,,,,,,,,,,,,,,,,,,,,,,,,,,,,,,,,,,,,,,,,,,,,,,,,,,,,,,,,,,,,,,,,,,,,,,,,,,,,,,,,,,,,
0084,52 (1-6),ปากเกร็ด - หมอชิต 2,AIR,TSB,03477,03478,03478,05071,03477,08202,03404,01617,01617,01618,01220,01619,01620,01621,04516,01622,01634,01624,07736,04446,04447,04940,04941,04048,04441,07737,01222,01223,08240,00539,00540,05478,00530,05143,00532,00533,07233,03802,03803,00534,00535,02654,02655,02656,02657,03804,02658,07235,03805,02669,02661,08590,03440,04957,03441,03442,02260,06262,06406,02262,04956,06265,03443,04235,03444,05524,05524,,,,,,,,,,,,,,,,,,,,,,,,,,,,,,,,,,,,,,,,,,,,,,,,,,,,,,,,,,,,,,,,,,,,,,,,,,,,,,,,,,,,,,,,,,,,,,,,,,,,,,,,,,,,,,,,,,,,,,,,,,,,,,,,,,,,,,,,,,,,,,,,,,,,
0087,59 (1-8),รังสิต - สนามหลวง,Stadard,BMTA,07231,05101,00519,00548,00521,04322,00522,00523,00524,00525,00526,00527,03812,00528,00529,03801,00530,01269,01225,01226,05195,03507,03510,03511,03512,03513,03514,03515,03516,03517,02740,03518,03519,03430,03431,03453,03433,03434,03435,03436,03437,03438,03439,03440,03441,03442,03543,03544,03545,03546,03547,03548,03549,03550,03551,03552,03553,03783,02662,01453,01423,01764,01765,01766,01204,03057,01999,02000,02001,04948,02002,01205,08225,,,,,,,,,,,,,,,,,,,,,,,,,,,,,,,,,,,,,,,,,,,,,,,,,,,,,,,,,,,,,,,,,,,,,,,,,,,,,,,,,,,,,,,,,,,,,,,,,,,,,,,,,,,,,,,,,,,,,,,,,,,,,,,,,,,,,,,,,,,,,,,,,,,,
0088,60 (1-38),MRT สนามไชย - สวนสยาม,Stadard,BMTA,01030,04124,03065,04261,00588,00901,01996,01998,01208,01769,01770,01771,02535,02536,02537,02538,02539,02540,02541,02542,02543,02544,02545,04187,04187,02547,03877,02548,02549,02550,02551,03710,03711,03712,03713,03714,03715,03716,03718,00007,03718,03720,03722,03723,03724,03725,03880,02814,01274,01310,01276,01277,01278,00603,00604,00605,00606,00607,00608,02822,02823,02824,02825,02826,02827,02828,02829,02830,02831,02832,02833,02834,02835,01247,02838,02839,01248,02840,02841,02860,03890,03893,03897,03898,02846,02847,04300,02849,02853,02851,00254,,,,,,,,,,,,,,,,,,,,,,,,,,,,,,,,,,,,,,,,,,,,,,,,,,,,,,,,,,,,,,,,,,,,,,,,,,,,,,,,,,,,,,,,,,,,,,,,,,,,,,,,,,,,,,,,,,,,,,,,,,,,,,,,,,,,,,,,,,,,,,,,,,,,
0089,62 (3-42),อนุสาวรีย์ชัยสมรภูมิ - สาธุประดิษฐ์,Stadard,BMTA,03783,02662,02663,02346,02347,02536,02537,02538,02539,03941,03942,00648,04964,02074,02087,04954,02088,02089,02802,02803,02804,03946,00838,00839,03947,00840,07994,00842,00843,00844,00845,00846,03949,03950,03951,03952,03953,03962,00813,00051,00815,00816,00817,03958,,,,,,,,,,,,,,,,,,,,,,,,,,,,,,,,,,,,,,,,,,,,,,,,,,,,,,,,,,,,,,,,,,,,,,,,,,,,,,,,,,,,,,,,,,,,,,,,,,,,,,,,,,,,,,,,,,,,,,,,,,,,,,,,,,,,,,,,,,,,,,,,,,,,
0090,63 (2-10E),ประตูน้ำ - (63 ทางด่วน) นครอินทร์,Stadard,BMTA,02077,06599,02081,02079,03050,03781,03465,03418,03466,05081,02264,02265,04995,02266,02257,02267,02268,02269,05899,05900,00695,00695,02798,08264,02799,02800,02800,02801,02944,05094,04039,04820,07616,,,,,,,,,,,,,,,,,,,,,,,,,,,,,,,,,,,,,,,,,,,,,,,,,,,,,,,,,,,,,,,,,,,,,,,,,,,,,,,,,,,,,,,,,,,,,,,,,,,,,,,,,,,,,,,,,,,,,,,,,,,,,,,,,,,,,,,,,,,,,,,,,,,,
0091,64 (2-11),กระทรวงสาธารณสุข - สนามหลวง,AIR,TSB,02793,02794,02795,03042,02729,02731,02732,01773,01773,,,07482,07482,07484,04767,04781,04783,04770,04772,01917,01917,01941,01919,01920,04613,01922,01923,04562,01924,01925,04520,01926,01927,01930,02004,,,,,,,,,,,,,,,,,,,,,,,,,,,,,,,,,,,,,,,,,,,,,,,,,,,,,,,,,,,,,,,,,,,,,,,,,,,,,,,,,,,,,,,,,,,,,,,,,,,,,,,,,,,,,,,,,,,,,,,,,,,,,,,,,,,,,,,,,,,,,,,,,,,,
0092,66 (2-12),สายใต้ (ปิ่นเกล้า) - ศูนย์ราชการฯ แจ้งวัฒนะ,Stadard,BMTA,07478,01995,01914,04075,01915,01916,01917,01941,01919,01920,04613,01922,01923,04562,01924,01925,04520,03596,03597,03564,03599,03600,04521,01457,00897,01459,05018,05018,02965,03026,03027,00917,00918,00919,01042,00272,00273,00274,00275,00276,00277,00278,00279,00281,00282,00283,00304,00284,00285,04060,00887,00888,00889,00890,00287,04048,04053,04049,,,,,,,,,,,,,,,,,,,,,,,,,,,,,,,,,,,,,,,,,,,,,,,,,,,,,,,,,,,,,,,,,,,,,,,,,,,,,,,,,,,,,,,,,,,,,,,,,,,,,,,,,,,,,,,,,,,,,,,,,,,,,,,,,,,,,,,,,,,,,,,,,,,,
0093,67 (3-43),เซ็นทรัลพระราม 3 - วัดเสมียนนารี ,Stadard,BMTA,04379,03953,03930,03362,00255,00826,03928,03940,00827,00828,02892,02893,02917,03672,03674,03675,03917,03676,00006,06520,00290,02534,01210,01722,01419,02666,02667,03943,03948,01627,01629,03910,03020,03021,03022,01066,01067,01068,01069,00272,00273,00274,00275,00276,00277,00278,00279,00281,00282,02672,,,,,,,,,,,,,,,,,,,,,,,,,,,,,,,,,,,,,,,,,,,,,,,,,,,,,,,,,,,,,,,,,,,,,,,,,,,,,,,,,,,,,,,,,,,,,,,,,,,,,,,,,,,,,,,,,,,,,,,,,,,,,,,,,,,,,,,,,,,,,,,,,,,,
0094,68 (4-12),แสมดำ - บางลำพู,Stadard,BMTA,04270,04273,03057,01999,02000,01933,01934,03566,03595,03568,03569,03570,03571,03589,03574,03575,03576,03577,03578,03579,03580,04341,03581,03292,04959,03293,03294,04344,03307,03499,03295,03296,03297,03299,04330,03300,04331,04332,04333,04334,04335,04336,03301,04274,04321,03501,04338,04345,04318,03502,03503,04350,04346,04275,04351,04352,04280,04347,03504,04348,04276,04260,02373,,,,,,,,,,,,,,,,,,,,,,,,,,,,,,,,,,,,,,,,,,,,,,,,,,,,,,,,,,,,,,,,,,,,,,,,,,,,,,,,,,,,,,,,,,,,,,,,,,,,,,,,,,,,,,,,,,,,,,,,,,,,,,,,,,,,,,,,,,,,,,,,,,,,
0095,69 (2-13),ตลาดท่าอิฐ - รามคำแหง,AIR,TSB,07728,03775,03776,03773,07050,03778,03780,01786,01787,06275,01788,06274,05897,05895,00601,05893,05892,05891,05890,05887,05885,05884,05882,05880,05879,03470,03413,03414,03415,06418,05176,03416,03417,03418,03419,03420,03421,03461,03423,03424,03425,03426,02652,02653,02654,02655,02656,02657,03804,02658,07235,03805,02660,02668,03852,03520,03813,03814,03521,03815,00418,03522,03854,03523,03819,03049,02080,02078,02082,02538,02539,02540,02541,02542,02543,02544,02545,04187,02546,02547,03877,02549,02550,02550,02551,02551,03710,03711,03712,03713,03644,03714,03642,03715,03716,03717,03718,03639,03720,03721,03722,03723,03636,03724,03880,,,,,,,,,,,,,,,,,,,,,,,,,,,,,,,,,,,,,,,,,,,,,,,,,,,,,,,,,,,,,,,,,,,,,,,,,,,,,,,,,,,,,,,,,,,,,,,,,,,,,,,,,,,,,,,,,,,,,,,,,,,,,,,,,,,,,,,,,,,,,,,,,,,,
0096,70 (2-14),สนามหลวง - ประชานิเวศน์ ,Stadard,BMTA,04395,03970,00590,00901,01996,01997,01998,01207,01410,01432,01412,01413,01414,01078,00312,00311,00310,00315,00316,00317,00318,00319,01062,01064,01071,04046,01065,01066,01067,01068,01069,00272,00273,00274,00275,00276,00277,00278,00279,00281,00282,00283,00304,00284,00285,04060,00887,00888,00889,00890,00287,00891,00892,00878,03834,00322,00323,04758,,,,,,,,,,,,,,,,,,,,,,,,,,,,,,,,,,,,,,,,,,,,,,,,,,,,,,,,,,,,,,,,,,,,,,,,,,,,,,,,,,,,,,,,,,,,,,,,,,,,,,,,,,,,,,,,,,,,,,,,,,,,,,,,,,,,,,,,,,,,,,,,,,,,
0097,71 (1-39),สวนสยาม - คลองเตย,AIR,TSB,01646,02853,02854,02855,02857,02847,02859,00014,00895,02845,03893,02844,02843,02860,02861,02862,02863,02864,06533,01247,01245,02867,02868,02870,06534,04945,02871,02872,02873,03859,02874,02875,02876,00621,00606,00623,00624,00625,01308,01277,01310,01311,02886,06535,03880,03635,03636,03637,03721,03639,06537,03641,03642,03643,03643,03644,03712,03646,03647,03707,03650,03651,03652,03653,03654,03655,03656,03657,01176,05960,01177,08616,00638,00639,99200,00641,06367,00643,00049,06368,00644,00645,04811,02309,04812,02310,02311,03371,03358,,,,,,,,,,,,,,,,,,,,,,,,,,,,,,,,,,,,,,,,,,,,,,,,,,,,,,,,,,,,,,,,,,,,,,,,,,,,,,,,,,,,,,,,,,,,,,,,,,,,,,,,,,,,,,,,,,,,,,,,,,,,,,,,,,,,,,,,,,,,,,,,,,,,
0098,72 (3-46),เทเวศร์ - คลองเตย ,Stadard,BMTA,06394,00329,01080,01081,00693,00421,03913,04208,02353,02082,02538,02539,02540,02541,02542,02543,02544,02545,04187,02547,03877,00865,00866,00862,00861,00860,00871,00873,00876,00638,03662,03355,03356,00331,03371,03357,01469,03370,,,,,,,,,,,,,,,,,,,,,,,,,,,,,,,,,,,,,,,,,,,,,,,,,,,,,,,,,,,,,,,,,,,,,,,,,,,,,,,,,,,,,,,,,,,,,,,,,,,,,,,,,,,,,,,,,,,,,,,,,,,,,,,,,,,,,,,,,,,,,,,,,,,,
0099,73 (2-45),สะพานพุทธ - บ้านเอื้ออาทรบึงกุ่ม,EuroTwo,BMTA,04391,03061,01057,03210,03211,04056,04714,01440,04708,04709,04710,00290,04713,01212,01213,01214,01215,02083,02077,02081,02079,03073,03074,03075,01659,01660,01661,02280,02281,08141,08142,02284,02285,,,,,,,,,,,,,,,,,,,,,,,,,,,,,,,,,,,,,,,,,,,,,,,,,,,,,,,,,,,,,,,,,,,,,,,,,,,,,,,,,,,,,,,,,,,,,,,,,,,,,,,,,,,,,,,,,,,,,,,,,,,,,,,,,,,,,,,,,,,,,,,,,,,,
0100,76 (4-14),แสมดำ - ประตูน้ำ,NGV 489,BMTA,02373,04310,04277,04349,03479,04278,04279,04353,04311,03480,04340,04312,04313,04314,04315,04317,04318,04319,04320,04321,04324,04323,04266,04325,04326,04327,04328,04329,06622,03302,03303,03304,03305,03306,04563,03481,03482,03118,03484,04233,04234,03485,02806,02807,02808,02809,02810,03684,02072,04308,04309,02073,02086,00256,02527,02528,,,,,,,,,,,,,,,,,,,,,,,,,,,,,,,,,,,,,,,,,,,,,,,,,,,,,,,,,,,,,,,,,,,,,,,,,,,,,,,,,,,,,,,,,,,,,,,,,,,,,,,,,,,,,,,,,,,,,,,,,,,,,,,,,,,,,,,,,,,,,,,,,,,,