shape_id,shape_pt_lat,shape_pt_lon,shape_pt_sequence,shape_pt_name
SUKHUMVIT_MAIN,13.9323658,100.6465227,1,N24
SUKHUMVIT_MAIN,13.932405, 100.644805,2
SUKHUMVIT_MAIN,13.932468, 100.641817,3
SUKHUMVIT_MAIN,13.932501, 100.640771,4
SUKHUMVIT_MAIN,13.932505, 100.640378,5
SUKHUMVIT_MAIN,13.932497, 100.640141,6
SUKHUMVIT_MAIN,13.932492, 100.639988,7
SUKHUMVIT_MAIN,13.932479, 100.639776,8
SUKHUMVIT_MAIN,13.932442, 100.639529,9
SUKHUMVIT_MAIN,13.932421, 100.639344,10
SUKHUMVIT_MAIN,13.932356, 100.638980,11
SUKHUMVIT_MAIN,13.932270, 100.638591,12
SUKHUMVIT_MAIN,13.932169, 100.638210,13
SUKHUMVIT_MAIN,13.932075, 100.637923,14
SUKHUMVIT_MAIN,13.931692, 100.637014,15
SUKHUMVIT_MAIN,13.929875, 100.633706,16
SUKHUMVIT_MAIN,13.928193, 100.630643,17
SUKHUMVIT_MAIN,13.927296, 100.628978,18
SUKHUMVIT_MAIN,13.927157, 100.628669,19
SUKHUMVIT_MAIN,13.926996, 100.628253,20
SUKHUMVIT_MAIN,13.926653, 100.627271,21
SUKHUMVIT_MAIN,13.926575, 100.627114,22
SUKHUMVIT_MAIN,13.926473, 100.626923,23
SUKHUMVIT_MAIN,13.926473, 100.626923,24
SUKHUMVIT_MAIN,13.926372, 100.626779,25
SUKHUMVIT_MAIN,13.926283, 100.626679,26
SUKHUMVIT_MAIN,13.926174, 100.626566,27
SUKHUMVIT_MAIN,13.926012, 100.626446,28
SUKHUMVIT_MAIN,13.925822, 100.626320,29
SUKHUMVIT_MAIN,13.9250126,100.6258374,30,N23
SUKHUMVIT_MAIN,13.9179713,100.6216910,31,N22
SUKHUMVIT_MAIN,13.9107140,100.6173961,32,N21
SUKHUMVIT_MAIN,13.8966129,100.6090774,33,N20
SUKHUMVIT_MAIN,13.8884510,100.6042685,34,N19
SUKHUMVIT_MAIN,13.882448,100.600729,35,N18
SUKHUMVIT_MAIN,13.881837, 100.600374,36
SUKHUMVIT_MAIN,13.880709, 100.599704,37
SUKHUMVIT_MAIN,13.880368, 100.599508,38
SUKHUMVIT_MAIN,13.880139, 100.599390,39
SUKHUMVIT_MAIN,13.879772, 100.599235,40
SUKHUMVIT_MAIN,13.879454, 100.599098,41
SUKHUMVIT_MAIN,13.879259, 100.598999,42
SUKHUMVIT_MAIN,13.877225, 100.597797,43
SUKHUMVIT_MAIN,13.8752766,100.5967316,44,N17
SUKHUMVIT_MAIN,13.873994, 100.595908,45
SUKHUMVIT_MAIN,13.872585, 100.595061,46
SUKHUMVIT_MAIN,13.872147, 100.594792,47
SUKHUMVIT_MAIN,13.871689, 100.594423,48
SUKHUMVIT_MAIN,13.871184, 100.594099,49
SUKHUMVIT_MAIN,13.870577, 100.593739,50,
SUKHUMVIT_MAIN,13.8675784,100.5919727,51,N16
SUKHUMVIT_MAIN,13.8560490,100.5851786,52,N15
SUKHUMVIT_MAIN,13.8503260,100.5818158,53,N14
SUKHUMVIT_MAIN,13.8423141,100.5771050,54,N13
SUKHUMVIT_MAIN,13.841637, 100.576701,55
SUKHUMVIT_MAIN,13.840642, 100.576117,56
SUKHUMVIT_MAIN,13.839991, 100.575720,57
SUKHUMVIT_MAIN,13.838760, 100.575006,58
SUKHUMVIT_MAIN,13.837957, 100.574542,59
SUKHUMVIT_MAIN,13.8364057,100.5736286,60,N12
SUKHUMVIT_MAIN,13.8297477,100.5697222,61,N11
SUKHUMVIT_MAIN,13.8241206,100.5664253,62,N10
SUKHUMVIT_MAIN,13.823401, 100.566002,63
SUKHUMVIT_MAIN,13.821434, 100.564846,64
SUKHUMVIT_MAIN,13.819066, 100.563456,65
SUKHUMVIT_MAIN,13.818640, 100.563215,66
SUKHUMVIT_MAIN,13.818150, 100.562947,67
SUKHUMVIT_MAIN,13.8166807,100.5620359,68,N9
SUKHUMVIT_MAIN,13.814535, 100.560777,69
SUKHUMVIT_MAIN,13.813831, 100.560332,70
SUKHUMVIT_MAIN,13.812367, 100.559382,71
SUKHUMVIT_MAIN,13.812206, 100.559291,72
SUKHUMVIT_MAIN,13.812063, 100.559221,73
SUKHUMVIT_MAIN,13.811743, 100.559087,74
SUKHUMVIT_MAIN,13.811407, 100.558915,75
SUKHUMVIT_MAIN,13.810116, 100.558170,76
SUKHUMVIT_MAIN,13.808958, 100.557507,77
SUKHUMVIT_MAIN,13.807854, 100.556858,78
SUKHUMVIT_MAIN,13.806812, 100.556247,79
SUKHUMVIT_MAIN,13.806091, 100.555839,80
SUKHUMVIT_MAIN,13.804111, 100.554686,81
SUKHUMVIT_MAIN,13.8026054,100.5537959,82,N8
SUKHUMVIT_MAIN,13.798972, 100.551665,83
SUKHUMVIT_MAIN,13.798623, 100.551496,84
SUKHUMVIT_MAIN,13.798221, 100.551311,85
SUKHUMVIT_MAIN,13.797537, 100.551046,86
SUKHUMVIT_MAIN,13.796150, 100.550544,87
SUKHUMVIT_MAIN,13.794744, 100.550040,88
SUKHUMVIT_MAIN,13.7938228,100.5497114,89,N7
SUKHUMVIT_MAIN,13.789683, 100.548211,90
SUKHUMVIT_MAIN,13.7797077,100.5446201,91,N5
SUKHUMVIT_MAIN,13.7726225,100.5420729,92,N4
SUKHUMVIT_MAIN,13.770362, 100.541254,93
SUKHUMVIT_MAIN,13.770049, 100.541114,94
SUKHUMVIT_MAIN,13.766428, 100.539113,95
SUKHUMVIT_MAIN,13.766207, 100.538997,96
SUKHUMVIT_MAIN,13.766050, 100.538952,97
SUKHUMVIT_MAIN,13.765907, 100.538933,98
SUKHUMVIT_MAIN,13.765748, 100.538941,99
SUKHUMVIT_MAIN,13.765670, 100.538954,100
SUKHUMVIT_MAIN,13.765115, 100.539113,101
SUKHUMVIT_MAIN,13.764901, 100.539126,102
SUKHUMVIT_MAIN,13.764703, 100.539089,103
SUKHUMVIT_MAIN,13.764487, 100.538987,104
SUKHUMVIT_MAIN,13.764305, 100.538828,105
SUKHUMVIT_MAIN,13.764208, 100.538682,106
SUKHUMVIT_MAIN,13.764114, 100.538474,107
SUKHUMVIT_MAIN,13.764008, 100.538034,108
SUKHUMVIT_MAIN,13.763938, 100.537874,109
SUKHUMVIT_MAIN,13.763870, 100.537774,110
SUKHUMVIT_MAIN,13.763714, 100.537606,111
SUKHUMVIT_MAIN,13.763544, 100.537495,112
SUKHUMVIT_MAIN,13.763411, 100.537423,113
SUKHUMVIT_MAIN,13.7627589,100.5370529,114,N3
SUKHUMVIT_MAIN,13.7569644,100.5338214,115,N2
SUKHUMVIT_MAIN,13.753487, 100.531884,116
SUKHUMVIT_MAIN,13.753326, 100.531814,117
SUKHUMVIT_MAIN,13.753159, 100.531755,118
SUKHUMVIT_MAIN,13.752943, 100.531707,119
SUKHUMVIT_MAIN,13.752537, 100.531645,120
SUKHUMVIT_MAIN,13.7518605,100.5315534,121,N1
SUKHUMVIT_MAIN,13.750987, 100.531423,122
SUKHUMVIT_MAIN,13.750872, 100.531401,123
SUKHUMVIT_MAIN,13.750747, 100.531369,124
SUKHUMVIT_MAIN,13.750400, 100.531262,125
SUKHUMVIT_MAIN,13.750244, 100.531216,126
SUKHUMVIT_MAIN,13.750122, 100.531195,127
SUKHUMVIT_MAIN,13.747756, 100.530854,128
SUKHUMVIT_MAIN,13.747209, 100.530779,129
SUKHUMVIT_MAIN,13.746920, 100.530768,130
SUKHUMVIT_MAIN,13.746729, 100.530795,131
SUKHUMVIT_MAIN,13.746479, 100.530932,132
SUKHUMVIT_MAIN,13.746344, 100.531058,133
SUKHUMVIT_MAIN,13.746255, 100.531181,134
SUKHUMVIT_MAIN,13.746143, 100.531444,135
SUKHUMVIT_MAIN,13.746042, 100.531994,136,NtoW
SUKHUMVIT_MAIN,13.745922, 100.532681,137
SUKHUMVIT_MAIN,13.745851, 100.533308,138
SUKHUMVIT_MAIN,13.745690, 100.534234,139,CEN
SUKHUMVIT_MAIN,13.745500, 100.535334,140
SUKHUMVIT_MAIN,13.745359, 100.535817,141
SUKHUMVIT_MAIN,13.745294, 100.536114,142
SUKHUMVIT_MAIN,13.745197, 100.536650,143,NtoW
SUKHUMVIT_MAIN,13.744846, 100.538646,144
SUKHUMVIT_MAIN,13.744822, 100.538882,145
SUKHUMVIT_MAIN,13.744807, 100.539233,146
SUKHUMVIT_MAIN,13.744757, 100.539676,147
SUKHUMVIT_MAIN,13.744692, 100.540003,148
SUKHUMVIT_MAIN,13.744656, 100.540161,149
SUKHUMVIT_MAIN,13.744546, 100.540542,150
SUKHUMVIT_MAIN,13.744455, 100.541006,151
SUKHUMVIT_MAIN,13.7440974,100.5430684,152,E1
SUKHUMVIT_MAIN,13.7430684,100.5489762,153,E2
SUKHUMVIT_MAIN,13.742826, 100.550324,154
SUKHUMVIT_MAIN,13.742686, 100.550949,155
SUKHUMVIT_MAIN,13.742545, 100.551703,156
SUKHUMVIT_MAIN,13.742444, 100.552103,157
SUKHUMVIT_MAIN,13.742277, 100.552599,158
SUKHUMVIT_MAIN,13.742053, 100.553125,159
SUKHUMVIT_MAIN,13.741842, 100.553535,160
SUKHUMVIT_MAIN,13.741581, 100.553959,161
SUKHUMVIT_MAIN,13.7405358,100.5554291,162,E3
SUKHUMVIT_MAIN,13.7370432,100.5603571,163,E4
SUKHUMVIT_MAIN,13.733963, 100.564739,164
SUKHUMVIT_MAIN,13.731519, 100.568166,165
SUKHUMVIT_MAIN,13.7304345,100.5697129,166,E5
SUKHUMVIT_MAIN,13.729887, 100.570500,167
SUKHUMVIT_MAIN,13.728829, 100.572002,168
SUKHUMVIT_MAIN,13.727655, 100.573673,169
SUKHUMVIT_MAIN,13.726794, 100.574893,170
SUKHUMVIT_MAIN,13.726117, 100.575851,171
SUKHUMVIT_MAIN,13.725419, 100.576841,172
SUKHUMVIT_MAIN,13.724234, 100.578517,173,E6
SUKHUMVIT_MAIN,13.723058, 100.580185,174,
SUKHUMVIT_MAIN,13.721292, 100.582666,175
SUKHUMVIT_MAIN,13.720208, 100.584182,176
SUKHUMVIT_MAIN,13.719539,100.585110,177,E7
SUKHUMVIT_MAIN,13.717208, 100.588382,178
SUKHUMVIT_MAIN,13.7151693,100.5912365,179,E8
SUKHUMVIT_MAIN,13.714541, 100.592129,180
SUKHUMVIT_MAIN,13.713896, 100.593041,181
SUKHUMVIT_MAIN,13.710160, 100.598274,182
SUKHUMVIT_MAIN,13.709991, 100.598502,183
SUKHUMVIT_MAIN,13.709991, 100.598502,184
SUKHUMVIT_MAIN,13.709597, 100.598915,185
SUKHUMVIT_MAIN,13.709261, 100.599170,186
SUKHUMVIT_MAIN,13.708977, 100.599358,187
SUKHUMVIT_MAIN,13.708698, 100.599516,188
SUKHUMVIT_MAIN,13.7056249,100.6010040,189,E9
SUKHUMVIT_MAIN,13.6967594,100.6053402,190,E10
SUKHUMVIT_MAIN,13.689279,100.608995,191,E11
SUKHUMVIT_MAIN,13.688021, 100.609612,192
SUKHUMVIT_MAIN,13.687322, 100.609912,193
SUKHUMVIT_MAIN,13.686746, 100.610108,194
SUKHUMVIT_MAIN,13.686243, 100.610245,195
SUKHUMVIT_MAIN,13.685883, 100.610323,196
SUKHUMVIT_MAIN,13.685265, 100.610422,197
SUKHUMVIT_MAIN,13.684809, 100.610462,198
SUKHUMVIT_MAIN,13.684330, 100.610489,199
SUKHUMVIT_MAIN,13.683556, 100.610476,200
SUKHUMVIT_MAIN,13.683037, 100.610422,201
SUKHUMVIT_MAIN,13.682550, 100.610349,202
SUKHUMVIT_MAIN,13.682003, 100.610229,203
SUKHUMVIT_MAIN,13.681528, 100.610100,204
SUKHUMVIT_MAIN,13.681156, 100.609982,205
SUKHUMVIT_MAIN,13.680577, 100.609757,206
SUKHUMVIT_MAIN,13.6798746,100.6094698,207,E12
SUKHUMVIT_MAIN,13.677398, 100.608456,208
SUKHUMVIT_MAIN,13.675110, 100.607520,209
SUKHUMVIT_MAIN,13.674868, 100.607431,210
SUKHUMVIT_MAIN,13.674309, 100.607308,211
SUKHUMVIT_MAIN,13.673898, 100.607241,212
SUKHUMVIT_MAIN,13.673554, 100.607163,213
SUKHUMVIT_MAIN,13.673280, 100.607072,214
SUKHUMVIT_MAIN,13.672954, 100.606922,215
SUKHUMVIT_MAIN,13.672670, 100.606755,216
SUKHUMVIT_MAIN,13.671813, 100.606208,217
SUKHUMVIT_MAIN,13.671604, 100.606095,218
SUKHUMVIT_MAIN,13.671271, 100.605951,219
SUKHUMVIT_MAIN,13.6681380,100.6046633,220,E13
SUKHUMVIT_MAIN,13.6611846,100.6018056,221,E14
SUKHUMVIT_MAIN,13.650577, 100.597453,222
SUKHUMVIT_MAIN,13.648056, 100.596407,223
SUKHUMVIT_MAIN,13.6464875,100.5957857,224,E15
SUKHUMVIT_MAIN,13.6372768,100.5920064,225,E16
SUKHUMVIT_MAIN,13.635355, 100.591221,226
SUKHUMVIT_MAIN,13.634341, 100.590826,227
SUKHUMVIT_MAIN,13.634093, 100.590724,228
SUKHUMVIT_MAIN,13.633788, 100.590584,229
SUKHUMVIT_MAIN,13.633530, 100.590453,230
SUKHUMVIT_MAIN,13.633204, 100.590256,231
SUKHUMVIT_MAIN,13.632901, 100.590048,232
SUKHUMVIT_MAIN,13.632769, 100.589941,233
SUKHUMVIT_MAIN,13.632677, 100.589865,234
SUKHUMVIT_MAIN,13.631602, 100.588970,235
SUKHUMVIT_MAIN,13.631332, 100.588747,236
SUKHUMVIT_MAIN,13.631145, 100.588602,237
SUKHUMVIT_MAIN,13.630900, 100.588433,238
SUKHUMVIT_MAIN,13.630662, 100.588294,239
SUKHUMVIT_MAIN,13.630477, 100.588197,240
SUKHUMVIT_MAIN,13.630248, 100.588103,241
SUKHUMVIT_MAIN,13.629964, 100.588004,242
SUKHUMVIT_MAIN,13.629763, 100.587945,243
SUKHUMVIT_MAIN,13.629515, 100.587886,244
SUKHUMVIT_MAIN,13.629247, 100.587846,245
SUKHUMVIT_MAIN,13.628981, 100.587827,246
SUKHUMVIT_MAIN,13.628595, 100.587824,247
SUKHUMVIT_MAIN,13.628452, 100.587830,248
SUKHUMVIT_MAIN,13.628207, 100.587854,249
SUKHUMVIT_MAIN,13.627998, 100.587883,250
SUKHUMVIT_MAIN,13.627641, 100.587964,251
SUKHUMVIT_MAIN,13.627295, 100.588071,252
SUKHUMVIT_MAIN,13.626898, 100.588213,253
SUKHUMVIT_MAIN,13.621588, 100.590144,254,E17
SUKHUMVIT_MAIN,13.608420, 100.594946,255,E18
SUKHUMVIT_MAIN,13.605485, 100.596009,256
SUKHUMVIT_MAIN,13.603990, 100.596557,257
SUKHUMVIT_MAIN,13.603465, 100.596745,258
SUKHUMVIT_MAIN,13.603395, 100.596771,259
SUKHUMVIT_MAIN,13.603085, 100.596871,260
SUKHUMVIT_MAIN,13.602670, 100.596987,261
SUKHUMVIT_MAIN,13.602130, 100.597128,262,E19
SUKHUMVIT_MAIN,13.600905, 100.597432,263
SUKHUMVIT_MAIN,13.600744, 100.597480,264
SUKHUMVIT_MAIN,13.600577, 100.597540,265
SUKHUMVIT_MAIN,13.600465, 100.597599,266
SUKHUMVIT_MAIN,13.600319, 100.597727,267
SUKHUMVIT_MAIN,13.600217, 100.597840,268
SUKHUMVIT_MAIN,13.600053, 100.598100,269
SUKHUMVIT_MAIN,13.596124, 100.606380,270
SUKHUMVIT_MAIN,13.595838, 100.606718,271
SUKHUMVIT_MAIN,13.595569, 100.606962,272
SUKHUMVIT_MAIN,13.591981, 100.609007,273,E20
SUKHUMVIT_MAIN,13.590868, 100.609623,274
SUKHUMVIT_MAIN,13.590577, 100.609762,275
SUKHUMVIT_MAIN,13.590263, 100.609843,276
SUKHUMVIT_MAIN,13.590044, 100.609864,277
SUKHUMVIT_MAIN,13.589682, 100.609856,278
SUKHUMVIT_MAIN,13.589273, 100.609784,279
SUKHUMVIT_MAIN,13.584193, 100.607844,280,E21
SUKHUMVIT_MAIN,13.577777, 100.605430,281,E22
SUKHUMVIT_MAIN,13.576253, 100.604858,282
SUKHUMVIT_MAIN,13.575934, 100.604760,283
SUKHUMVIT_MAIN,13.575650, 100.604701,284
SUKHUMVIT_MAIN,13.575040, 100.604653,285
SUKHUMVIT_MAIN,13.574328, 100.604722,286
SUKHUMVIT_MAIN,13.573441, 100.604994,287
SUKHUMVIT_MAIN,13.567700, 100.607729,294,E23
SILOM_MAIN,13.7465100,100.5290855,1,W1
SILOM_MAIN,13.745906, 100.532480,2,WtoN
SILOM_MAIN,13.745875, 100.532651,3
SILOM_MAIN,13.745705, 100.533282,4
SILOM_MAIN,13.745364, 100.535296,5
SILOM_MAIN,13.745315, 100.535701,6
SILOM_MAIN,13.745250, 100.536093,7
SILOM_MAIN,13.745022, 100.537380,8,WtoN
SILOM_MAIN,13.744807, 100.538638,9
SILOM_MAIN,13.744775, 100.539204,10
SILOM_MAIN,13.744747, 100.539461,11
SILOM_MAIN,13.744700, 100.539687,12
SILOM_MAIN,13.744643, 100.539834,13
SILOM_MAIN,13.744538, 100.539974,14
SILOM_MAIN,13.744395, 100.540097,15
SILOM_MAIN,13.744189, 100.540194,16
SILOM_MAIN,13.744012, 100.540223,17
SILOM_MAIN,13.743864, 100.540218,18
SILOM_MAIN,13.743678, 100.540191,19
SILOM_MAIN,13.742659, 100.539950,20
SILOM_MAIN,13.7394708,100.5394496,21,S1
SILOM_MAIN,13.735297, 100.538818,22
SILOM_MAIN,13.735028, 100.538748,23
SILOM_MAIN,13.734383, 100.538520,24
SILOM_MAIN,13.734742, 100.538654,25
SILOM_MAIN,13.732334, 100.537710,26
SILOM_MAIN,13.730820, 100.537131,27
SILOM_MAIN,13.730536, 100.537002,28
SILOM_MAIN,13.730234, 100.536825,29
SILOM_MAIN,13.730091, 100.536739,30
SILOM_MAIN,13.729374, 100.536219,31
SILOM_MAIN,13.729283, 100.536125,32
SILOM_MAIN,13.729171, 100.535964,33
SILOM_MAIN,13.729111, 100.535840,34
SILOM_MAIN,13.7285677,100.5343416,35,S2
SILOM_MAIN,13.726766, 100.529301,36
SILOM_MAIN,13.726654, 100.528856,37
SILOM_MAIN,13.726610, 100.528730,38
SILOM_MAIN,13.726540, 100.528580,39
SILOM_MAIN,13.726420, 100.528421,40
SILOM_MAIN,13.726248, 100.528282,41
SILOM_MAIN,13.726031, 100.528185,42
SILOM_MAIN,13.725805, 100.528150,43
SILOM_MAIN,13.725552, 100.528185,44
SILOM_MAIN,13.725341, 100.528277,45
SILOM_MAIN,13.725187, 100.528392,46
SILOM_MAIN,13.724893, 100.528671,47
SILOM_MAIN,13.724695, 100.528826,48
SILOM_MAIN,13.724525, 100.528936,49
SILOM_MAIN,13.724400, 100.529012,50
SILOM_MAIN,13.7237969,100.5293250,51,S3
SILOM_MAIN,13.722620, 100.529956,52
SILOM_MAIN,13.722433, 100.530012,53
SILOM_MAIN,13.722282, 100.530025,54
SILOM_MAIN,13.722159, 100.530017,55
SILOM_MAIN,13.721974, 100.529969,56
SILOM_MAIN,13.721792, 100.529867,57
SILOM_MAIN,13.721673, 100.529766,58
SILOM_MAIN,13.721510, 100.529540,59
SILOM_MAIN,13.721427, 100.529281,60
SILOM_MAIN,13.721350, 100.528650,61
SILOM_MAIN,13.721266, 100.528231,62
SILOM_MAIN,13.7208160,100.5266863,63,S4
SILOM_MAIN,13.7192683,100.5214619,64,S5
SILOM_MAIN,13.718775, 100.519806,65
SILOM_MAIN,13.718332, 100.518269,66
SILOM_MAIN,13.718153, 100.517580,67
SILOM_MAIN,13.718104, 100.517317,68
SILOM_MAIN,13.718092, 100.517046,69
SILOM_MAIN,13.718123, 100.516754,70
SILOM_MAIN,13.718300, 100.516083,71
SILOM_MAIN,13.718379, 100.515893,72
SILOM_MAIN,13.718655, 100.514849,73
SILOM_MAIN,13.7188128,100.5142230,74,S6
SILOM_MAIN,13.719173, 100.512811,75
SILOM_MAIN,13.719189, 100.512653,76
SILOM_MAIN,13.719635, 100.510818,77
SILOM_MAIN,13.720260, 100.508235,78
SILOM_MAIN,13.720545, 100.507036,79
SILOM_MAIN,13.720679, 100.506320,80
SILOM_MAIN,13.720776, 100.505671,81
SILOM_MAIN,13.720876, 100.504676,82
SILOM_MAIN,13.720909, 100.503775,83
SILOM_MAIN,13.7209307,100.5027176,84,S7
SILOM_MAIN,13.721044, 100.498222,85
SILOM_MAIN,13.721078, 100.496753,86
SILOM_MAIN,13.721091, 100.496125,87
SILOM_MAIN,13.721093, 100.495532,88
SILOM_MAIN,13.721089, 100.495156,89,S8
SILOM_MAIN,13.721079, 100.494137,90
SILOM_MAIN,13.721045, 100.493512,91
SILOM_MAIN,13.720982, 100.492869,92
SILOM_MAIN,13.720895, 100.492292,93
SILOM_MAIN,13.720686, 100.490948,94
SILOM_MAIN,13.720562, 100.490246,95
SILOM_MAIN,13.720453, 100.489779,96
SILOM_MAIN,13.720226, 100.489095,97
SILOM_MAIN,13.719684, 100.487609,98
SILOM_MAIN,13.719533, 100.487153,99
SILOM_MAIN,13.719457, 100.486879,100
SILOM_MAIN,13.7192426,100.4859681,101,S9
SILOM_MAIN,13.719038, 100.485074,102
SILOM_MAIN,13.718968, 100.484803,103
SILOM_MAIN,13.718876, 100.484514,104
SILOM_MAIN,13.718769, 100.484216,105
SILOM_MAIN,13.718566, 100.483749,106
SILOM_MAIN,13.718235, 100.483122,107
SILOM_MAIN,13.717104, 100.481064,108
SILOM_MAIN,13.716733, 100.480416,109
SILOM_MAIN,13.716601, 100.480217,110
SILOM_MAIN,13.716398, 100.479973,111
SILOM_MAIN,13.715819, 100.479342,112
SILOM_MAIN,13.715666, 100.479141,113
SILOM_MAIN,13.715523, 100.478927,114
SILOM_MAIN,13.715142, 100.478299,115
SILOM_MAIN,13.714790, 100.477701,116
SILOM_MAIN,13.7142201,100.4766912,117,S10
SILOM_MAIN,13.713675, 100.475689,118
SILOM_MAIN,13.713524, 100.475448,119
SILOM_MAIN,13.713399, 100.475271,120
SILOM_MAIN,13.713136, 100.474909,121
SILOM_MAIN,13.712938, 100.474614,122
SILOM_MAIN,13.712797, 100.474386,123
SILOM_MAIN,13.712509, 100.473849,124
SILOM_MAIN,13.712360, 100.473492,125
SILOM_MAIN,13.712294, 100.473278,126
SILOM_MAIN,13.712263, 100.473130,127
SILOM_MAIN,13.712219, 100.472811,128
SILOM_MAIN,13.712193, 100.472519,129
SILOM_MAIN,13.712172, 100.472200,130
SILOM_MAIN,13.712177, 100.471800,131
SILOM_MAIN,13.712206, 100.471559,132
SILOM_MAIN,13.712433, 100.470510,133
SILOM_MAIN,13.712435, 100.470496,134
SILOM_MAIN,13.712578, 100.470057,135
SILOM_MAIN,13.713032, 100.468906,136,S11
SILOM_MAIN,13.713334, 100.468147,137
SILOM_MAIN,13.713623, 100.467487,138
SILOM_MAIN,13.713720, 100.467272,139
SILOM_MAIN,13.713900, 100.466838,140
SILOM_MAIN,13.714139, 100.466232,141
SILOM_MAIN,13.714220, 100.465931,142
SILOM_MAIN,13.714262, 100.465725,143
SILOM_MAIN,13.714306, 100.465416,144
SILOM_MAIN,13.714322, 100.465234,145
SILOM_MAIN,13.714316, 100.464840,146
SILOM_MAIN,13.714233, 100.463909,147
SILOM_MAIN,13.714233, 100.463407,148
SILOM_MAIN,13.714288, 100.463018,149
SILOM_MAIN,13.714664, 100.461475,150
SILOM_MAIN,13.714744, 100.461200,151
SILOM_MAIN,13.714866, 100.460867,152
SILOM_MAIN,13.714921, 100.460755,153
SILOM_MAIN,13.715025, 100.460567,154
SILOM_MAIN,13.715182, 100.460317,155
SILOM_MAIN,13.715382, 100.460057,156
SILOM_MAIN,13.715588, 100.459840,157
SILOM_MAIN,13.715846, 100.459623,158
SILOM_MAIN,13.716565, 100.459089,159
SILOM_MAIN,13.717001, 100.458770,160
SILOM_MAIN,13.717251, 100.458595,161
SILOM_MAIN,13.717576, 100.458416,162
SILOM_MAIN,13.717889, 100.458290,163
SILOM_MAIN,13.718236, 100.458185,164
SILOM_MAIN,13.718491, 100.458134,165
SILOM_MAIN,13.719223, 100.458016,166
SILOM_MAIN,13.719351, 100.457997,167
SILOM_MAIN,13.720695, 100.457802,168
SILOM_MAIN,13.720789, 100.457791,169,S12
GOLD_MAIN,13.7211055,100.5037147,1,G1
GOLD_MAIN,13.721109, 100.504257,2
GOLD_MAIN,13.721115, 100.504405,3
GOLD_MAIN,13.721099, 100.504850,4
GOLD_MAIN,13.721081, 100.505494,5
GOLD_MAIN,13.721091, 100.505590,6
GOLD_MAIN,13.721119, 100.505666,7
GOLD_MAIN,13.721227, 100.505818,8
GOLD_MAIN,13.721308, 100.505888,9
GOLD_MAIN,13.721670, 100.506073,10
GOLD_MAIN,13.721813, 100.506237,11
GOLD_MAIN,13.721881, 100.506454,12
GOLD_MAIN,13.721868, 100.506642,13
GOLD_MAIN,13.721615, 100.507978,14
GOLD_MAIN,13.721550, 100.508254,15
GOLD_MAIN,13.721468, 100.508573,16
GOLD_MAIN,13.721477, 100.508670,17
GOLD_MAIN,13.721509, 100.508774,18
GOLD_MAIN,13.721649, 100.508908,19
GOLD_MAIN,13.721758, 100.508945,20
GOLD_MAIN,13.722889, 100.509026,21
GOLD_MAIN,13.724825, 100.509155,22
GOLD_MAIN,13.725211, 100.509152,23
GOLD_MAIN,13.725617, 100.509134,24
GOLD_MAIN,13.725904, 100.509115,25
GOLD_MAIN,13.7264621,100.5090694,26,G2
GOLD_MAIN,13.727252, 100.509002,27
GOLD_MAIN,13.727532, 100.508975,28
GOLD_MAIN,13.727994, 100.508919,29
GOLD_MAIN,13.728562, 100.508855,30
GOLD_MAIN,13.729555, 100.508766,31
GOLD_MAIN,13.729653, 100.508753,32
GOLD_MAIN,13.729721, 100.508739,33
GOLD_MAIN,13.729768, 100.508718,34
GOLD_MAIN,13.729854, 100.508672,35
GOLD_MAIN,13.729950, 100.508589,36
GOLD_MAIN,13.730034, 100.508476,37
GOLD_MAIN,13.730141, 100.508208,38
GOLD_MAIN,13.7303066,100.5077213,39,G3
